[
+8801839035312
+8801734008228
+8801609394215
+8801760747200
+8801988068541
+8801671050992
+8801798013019
+8801712217274
+8801765381405
+8801818180123
+8801613529163
+8801750681023
+8801892115344
+8801919446465
+8801993899080
+8801728463674
+8801674636189
+8801671853836
+8801327118843
+8801914911922
+8801766823304
+8801716330532
+8801517909525
+8801303724921
+8801774952114
+8801316428375
+8801930594712
+8801684261241
+8801733695357
+8801872113890
+8801913228085
+8801755615070
+8801867299071
+8801709445586
+8801767089834
+8801889245756
+8801618548228
+8801912345116
+8801826982919
+8801533122481
+8801857843692
+8801835898957
+8801836546272
+8801739865839
+8801946870758
+8801309301034
+8801976989694
+8801974430307
+8801777981834
+8801537588178
+8801760038840
+8801985328845
+8801700763325
+8801761072610
+8801976892759
+8801709311910
+8801767668269
+8801811107560
+8801722536424
+8801601118086
+8801905000715
+8801995588876
+8801302844172
+8801710525279
+8801707350634
+8801631453963
+96655 95 8082
+8801864541812
+8801760051118
+8801886584718
+8801518453737
+8801629054376
+8801767664630
+8801323581321
+8801521259360
+8801709771437
+8801731506533
+8801814214806
+8801316897038
+8801790998605
+8801719187675
+8801761700244
+8801521471432
+8801568115098
+8801737564663
+8801885216326
+8801944405982
+8801876451668
+8801616902563
+8801889913945
+8801750791321
+8801703946056
+8801643052180
+8801876243424
+8801641657427
+8801719124525
+8801568706805
+8801821114497
+8801789920570
+8801580768366
+8801917380230
+8801705806179
+8801738364200
+8801815267872
+8801970255853
+8801516785556
+8801780121282
+8801721625268
+8801707157435
+8801741028075
+8801534309644
+8801726014276
+8801755492115
+8801750952867
+8801971291263
+8801749905295
+8801306657506
+8801723493023
+8801610233185
+8801718431972
+8801689257036
+8801977703616
+8801737461590
+8801308710262
+8801625686321
+8801645098351
+8801841474438
+8801750644552
+8801740008006
+8801838797742
+8801738264019
+8801783795801
+8801641416841
+8801736039304
+8801992518389
+8801793968282
+8801310433970
+8801750555305
+8801810348925
+8801768054889
+8801921395773
+8801999487553
+8801742121382
+8801732339105
+8801913660097
+8801521550925
+8801909437939
+8801710645885
+8801741010478
+8801948794009
+8801872573037
+8801961533783
+8801613747700
+8801606595938
+8801961266829
+8801742903470
+8801832827464
+8801723402105
+8801851042602
+8801712679541
+8801877180311
+8801955070835
+8801797870278
+8801718099526
+8801601838584
+8801887058961
+8801764905593
+8801741028053
+8801517836218
+8801311920368
+8801704801375
+8801745032466
+8801848092707
+8801768696000
+8801799979556
+8801516190424
+8801769402905
+8801622869998
+8801639699663
+8801791956603
+8801879900327
+8801405256801
+8801608883547
+8801818790904
+8801400029099
+8801631086947
+8801975309964
+8801645113536
+8801304049526
+8801755515849
+8801585715947
+8801326755630
+8801712190831
+8801303310727
+8801402977368
+8801731182523
+8801621771282
+8801825886681
+8801609038004
+8801677802233
+8801776961632
+8801878416565
+8801813994574
+8801847164815
+8801706548347
+39 29 71 8491
+60 7-77 2250
+8801300466325
+8801302714020
+8801303085490
+8801303724995
+8801303813939
+8801306434320
+8801308562881
+8801309188145
+8801310549488
+8801311486259
+8801311828016
+8801313861147
+8801316235082
+8801318077950
+8801318151846
+8801318429422
+8801322307222
+8801322658080
+8801323063714
+8801323088168
+8801324332227
+8801324623709
+8801328117547
+8801329039546
+8801333256368
+8801400398152
+8801402967304
+8801403368205
+8801405467559
+8801407797748
+8801408192861
+8801409258108
+8801515219761
+8801515259170
+8801516528073
+8801516547835
+8801516737104
+8801518701693
+8801521429480
+8801521495931
+8801521534821
+8801521537405
+8801533072051
+8801533436831
+8801533798331
+8801537059021
+8801537704278
+8801538273958
+8801551604318
+8801554713654
+8801560017225
+8801568249964
+8801571722721
+8801571771255
+8801581512415
+8801600246521
+8801601110774
+8801601458450
+8801602392656
+8801602507842
+8801602892167
+8801606106834
+8801611722237
+8801612041994
+8801614050905
+8801615391684
+8801617044235
+8801618573591
+8801618844299
+8801620316751
+8801620323792
+8801622180764
+8801624963122
+8801626198662
+8801626743748
+8801627600043
+8801631514913
+8801631695673
+8801632329776
+8801637743999
+8801639676716
+8801642954700
+8801644184255
+8801644389500
+8801645455521
+8801646770020
+8801646920858
+8801648538413
+8801648923453
+8801660013379
+8801675184716
+8801676413162
+8801679632572
+8801681714541
+8801684543848
+8801689195479
+8801705374841
+8801705453784
+8801706709662
+8801707104399
+8801707174244
+8801707229121
+8801707316464
+8801707607518
+8801707777751
+8801707933549
+8801708902054
+8801709994827
+8801711026696
+8801712433506
+8801713225949
+8801714295312
+8801714518048
+8801714847372
+8801715131493
+8801715536402
+8801715933353
+8801716120350
+8801716637808
+8801717125706
+8801717692484
+8801717693938
+8801717739155
+8801717961770
+8801719326140
+8801719650231
+8801719695693
+8801719766278
+8801720500734
+8801721210783
+8801721596812
+8801722026961
+8801722087925
+8801722129088
+8801722246874
+8801723302403
+8801723525052
+8801723996413
+8801725021440
+8801726671787
+8801727260770
+8801729749655
+8801730821811
+8801733483609
+8801734268063
+8801736207912
+8801738130478
+8801738364877
+8801738440546
+8801738982873
+8801739336741
+8801740084985
+8801740149182
+8801742010216
+8801742080475
+8801742397590
+8801742450539
+8801742749693
+8801743837034
+8801743860970
+8801743879260
+8801744121246
+8801744508287
+8801744761226
+8801744779725
+8801745051995
+8801747544070
+8801748113306
+8801748427330
+8801749244122
+8801749286221
+8801749386163
+8801750089333
+8801750714040
+8801750827850
+8801751253358
+8801754081112
+8801755482489
+8801755887107
+8801756338604
+8801757319449
+8801757484944
+8801760794888
+8801762980030
+8801765221003
+8801765501074
+8801765778638
+8801766830913
+8801766908338
+8801767018766
+8801768679186
+8801768772323
+8801770392400
+8801772984694
+8801773474149
+8801774577133
+8801775845887
+8801777538187
+8801778287740
+8801779085868
+8801779264466
+8801780374381
+8801782876949
+8801783169158
+8801789200027
+8801792853481
+8801793383361
+8801793415871
+8801793504645
+8801795125595
+8801797850986
+8801798119537
+8801798707184
+8801799034833
+8801810562933
+8801811186460
+8801812338914
+8801812433182
+8801814137963
+8801815074767
+8801815100707
+8801815210772
+8801816038810
+8801818818917
+8801819072798
+8801819532885
+8801819840553
+8801819917557
+8801823572415
+8801830245125
+8801830612641
+8801832664785
+8801833836304
+8801836609727
+8801841626832
+8801841888321
+8801842549968
+8801845044745
+8801845766589
+8801849702157
+8801852370002
+8801855694409
+8801855726672
+8801855957491
+8801859342364
+8801860824050
+8801861914655
+8801862291433
+8801862799988
+8801866698299
+8801869614405
+8801870843242
+8801872015440
+8801872512669
+8801875295636
+8801879084320
+8801880481262
+8801885272923
+8801885373844
+8801886390458
+8801892496787
+8801896124611
+8801907533398
+8801911064779
+8801911101766
+8801911111307
+8801911928982
+8801912111837
+8801913969562
+8801916863385
+8801918935658
+8801919333678
+8801919919199
+8801923270198
+8801923498383
+8801925441576
+8801927695258
+8801933745479
+8801934248116
+8801934600141
+8801939827741
+8801946203045
+8801947894246
+8801949288967
+8801952894401
+8801957269951
+8801968570530
+8801971363908
+8801973128846
+8801839035312
+8801734008228
+8801609394215
+8801760747200
+8801988068541
+8801671050992
+8801798013019
+8801712217274
+8801765381405
+8801818180123
+8801613529163
+8801750681023
+8801892115344
+8801919446465
+8801993899080
+8801728463674
+8801674636189
+8801671853836
+8801327118843
+8801914911922
+8801766823304
+8801716330532
+8801517909525
+8801303724921
+8801774952114
+8801316428375
+8801930594712
+8801684261241
+8801733695357
+8801872113890
+8801913228085
+8801755615070
+8801867299071
+8801709445586
+8801767089834
+8801889245756
+8801618548228
+8801912345116
+8801826982919
+8801533122481
+8801857843692
+8801835898957
+8801836546272
+8801739865839
+8801946870758
+8801309301034
+8801976989694
+8801974430307
+8801777981834
+8801537588178
+8801760038840
+8801985328845
+8801700763325
+8801761072610
+8801976892759
+8801709311910
+8801767668269
+8801811107560
+8801722536424
+8801601118086
+8801905000715
+8801995588876
+8801302844172
+8801710525279
+8801707350634
+8801631453963
+96655 95 8082
+8801864541812
+8801760051118
+8801886584718
+8801518453737
+8801629054376
+8801767664630
+8801323581321
+8801521259360
+8801709771437
+8801731506533
+8801814214806
+8801316897038
+8801790998605
+8801719187675
+8801761700244
+8801521471432
+8801568115098
+8801737564663
+8801885216326
+8801944405982
+8801876451668
+8801616902563
+8801889913945
+8801750791321
+8801703946056
+8801643052180
+8801876243424
+8801641657427
+8801719124525
+8801568706805
+8801821114497
+8801789920570
+8801580768366
+8801917380230
+8801705806179
+8801738364200
+8801815267872
+8801970255853
+8801516785556
+8801780121282
+8801721625268
+8801707157435
+8801741028075
+8801534309644
+8801726014276
+8801755492115
+8801750952867
+8801971291263
+8801749905295
+8801306657506
+8801723493023
+8801610233185
+8801718431972
+8801689257036
+8801977703616
+8801737461590
+8801308710262
+8801625686321
+8801645098351
+8801841474438
+8801750644552
+8801740008006
+8801838797742
+8801738264019
+8801783795801
+8801641416841
+8801736039304
+8801992518389
+8801793968282
+8801310433970
+8801750555305
+8801810348925
+8801768054889
+8801921395773
+8801999487553
+8801742121382
+8801732339105
+8801913660097
+8801521550925
+8801909437939
+8801710645885
+8801741010478
+8801948794009
+8801872573037
+8801961533783
+8801613747700
+8801606595938
+8801961266829
+8801742903470
+8801832827464
+8801723402105
+8801851042602
+8801712679541
+8801877180311
+8801955070835
+8801797870278
+8801718099526
+8801601838584
+8801887058961
+8801764905593
+8801741028053
+8801517836218
+8801311920368
+8801704801375
+8801745032466
+8801848092707
+8801768696000
+8801799979556
+8801516190424
+8801769402905
+8801622869998
+8801639699663
+8801791956603
+8801879900327
+8801405256801
+8801608883547
+8801818790904
+8801400029099
+8801631086947
+8801975309964
+8801645113536
+8801304049526
+8801755515849
+8801585715947
+8801326755630
+8801712190831
+8801303310727
+8801402977368
+8801731182523
+8801621771282
+8801825886681
+8801609038004
+8801677802233
+8801776961632
+8801878416565
+8801813994574
+8801847164815
+8801706548347
+39 29 71 8491
+60 7-77 2250
+8801300466325
+8801302714020
+8801303085490
+8801303724995
+8801303813939
+8801306434320
+8801308562881
+8801309188145
+8801310549488
+8801311486259
+8801311828016
+8801313861147
+8801316235082
+8801318077950
+8801318151846
+8801318429422
+8801322307222
+8801322658080
+8801323063714
+8801323088168
+8801324332227
+8801324623709
+8801328117547
+8801329039546
+8801333256368
+8801400398152
+8801402967304
+8801403368205
+8801405467559
+8801407797748
+8801408192861
+8801409258108
+8801515219761
+8801515259170
+8801516528073
+8801516547835
+8801516737104
+8801518701693
+8801521429480
+8801521495931
+8801521534821
+8801521537405
+8801533072051
+8801533436831
+8801533798331
+8801537059021
+8801537704278
+8801538273958
+8801551604318
+8801554713654
+8801560017225
+8801568249964
+8801571722721
+8801571771255
+8801581512415
+8801600246521
+8801601110774
+8801601458450
+8801602392656
+8801602507842
+8801602892167
+8801606106834
+8801611722237
+8801612041994
+8801614050905
+8801615391684
+8801617044235
+8801618573591
+8801618844299
+8801620316751
+8801620323792
+8801622180764
+8801624963122
+8801626198662
+8801626743748
+8801627600043
+8801631514913
+8801631695673
+8801632329776
+8801637743999
+8801639676716
+8801642954700
+8801644184255
+8801644389500
+8801645455521
+8801646770020
+8801646920858
+8801648538413
+8801648923453
+8801660013379
+8801675184716
+8801676413162
+8801679632572
+8801681714541
+8801684543848
+8801689195479
+8801705374841
+8801705453784
+8801706709662
+8801707104399
+8801707174244
+8801707229121
+8801707316464
+8801707607518
+8801707777751
+8801707933549
+8801708902054
+8801709994827
+8801711026696
+8801712433506
+8801713225949
+8801714295312
+8801714518048
+8801714847372
+8801715131493
+8801715536402
+8801715933353
+8801716120350
+8801716637808
+8801717125706
+8801717692484
+8801717693938
+8801717739155
+8801717961770
+8801719326140
+8801719650231
+8801719695693
+8801719766278
+8801720500734
+8801721210783
+8801721596812
+8801722026961
+8801722087925
+8801722129088
+8801722246874
+8801723302403
+8801723525052
+8801723996413
+8801725021440
+8801726671787
+8801727260770
+8801729749655
+8801730821811
+8801733483609
+8801734268063
+8801736207912
+8801738130478
+8801738364877
+8801738440546
+8801738982873
+8801739336741
+8801740084985
+8801740149182
+8801742010216
+8801742080475
+8801742397590
+8801742450539
+8801742749693
+8801743837034
+8801743860970
+8801743879260
+8801744121246
+8801744508287
+8801744761226
+8801744779725
+8801745051995
+8801747544070
+8801748113306
+8801748427330
+8801749244122
+8801749286221
+8801749386163
+8801750089333
+8801750714040
+8801750827850
+8801751253358
+8801754081112
+8801755482489
+8801755887107
+8801756338604
+8801757319449
+8801757484944
+8801760794888
+8801762980030
+8801765221003
+8801765501074
+8801765778638
+8801766830913
+8801766908338
+8801767018766
+8801768679186
+8801768772323
+8801770392400
+8801772984694
+8801773474149
+8801774577133
+8801775845887
+8801777538187
+8801778287740
+8801779085868
+8801779264466
+8801780374381
+8801782876949
+8801783169158
+8801789200027
+8801792853481
+8801793383361
+8801793415871
+8801793504645
+8801795125595
+8801797850986
+8801798119537
+8801798707184
+8801799034833
+8801810562933
+8801811186460
+8801812338914
+8801812433182
+8801814137963
+8801815074767
+8801815100707
+8801815210772
+8801816038810
+8801818818917
+8801819072798
+8801819532885
+8801819840553
+8801819917557
+8801823572415
+8801830245125
+8801830612641
+8801832664785
+8801833836304
+8801836609727
+8801841626832
+8801841888321
+8801842549968
+8801845044745
+8801845766589
+8801849702157
+8801852370002
+8801855694409
+8801855726672
+8801855957491
+8801859342364
+8801860824050
+8801861914655
+8801862291433
+8801862799988
+8801866698299
+8801869614405
+8801870843242
+8801872015440
+8801872512669
+8801875295636
+8801879084320
+8801880481262
+8801885272923
+8801885373844
+8801886390458
+8801892496787
+8801896124611
+8801907533398
+8801911064779
+8801911101766
+8801911111307
+8801911928982
+8801912111837
+8801913969562
+8801916863385
+8801918935658
+8801919333678
+8801919919199
+8801923270198
+8801923498383
+8801925441576
+8801927695258
+8801933745479
+8801934248116
+8801934600141
+8801939827741
+8801946203045
+8801947894246
+8801949288967
+8801952894401
+8801957269951
+8801968570530
+8801971363908
+8801973128846